-0.252 -1.299
-0.721 -1.001
0.505 -1.78
-0.956 -0.852
0.643 -1.868
-0.784 -0.961
0.65 -1.873
-1.026 -0.808
0.072 -1.505
1.03 -2.114
-0.852 -0.918
-0.003 -1.458
-0.302 -1.268
1.63 -2.495
0.721 -1.918
1.572 -2.459
0.003 -1.462
-0.747 -0.985
0.173 -1.57
0.249 -1.618
3.222 -3.507
-0.46 -1.167
0.915 -2.041
-2.523 0.144
-1.329 -0.615
0.352 -1.683
0.005 -1.463
0.317 -1.661
0.39 -1.707
-0.534 -1.12
0.245 -1.615
-1.015 -0.815
0.403 -1.715
-0.303 -1.267
1.053 -2.129
0.954 -2.066
1.515 -2.422
-0.339 -1.244
-2.051 -0.156
-0.657 -1.042
-0.235 -1.31
2.064 -2.771
0.946 -2.061
-1.893 -0.257
-1.206 -0.693
-0.918 -0.876
-2.541 0.155
0.102 -1.524
0.739 -1.929
-0.105 -1.393
